      0/99    0.317G   0.06504   0.02626   0.06569     0.157         4       640    0.3637    0.5346    0.2462   0.07006   0.03795   0.01531   0.05009
      1/99     6.28G   0.03934   0.01402   0.05186    0.1052         9       640    0.6094    0.5938    0.6697    0.2901   0.03678   0.01174   0.03129
      2/99     6.28G   0.03863   0.01116   0.02965   0.07943         7       640    0.6551    0.9774    0.9226    0.5217   0.02996   0.01001   0.01184
      3/99     6.28G   0.03845  0.009972   0.01588    0.0643         5       640    0.8062    0.9484    0.9733    0.6011   0.03954  0.009871  0.007127
      4/99     6.28G   0.04674   0.01007   0.01172   0.06854         3       640    0.7709    0.8767    0.9811    0.7092   0.03173  0.009548  0.005487
      5/99     6.29G   0.03897   0.01001   0.01304   0.06202         4       640     0.958    0.9881    0.9937    0.7413   0.02615  0.008955  0.005705
      6/99      6.6G   0.03636  0.009498   0.01119   0.05705         3       640    0.9861    0.9807     0.994    0.7501   0.02298  0.009196  0.004209
      7/99      6.6G   0.03308  0.009392  0.009831    0.0523         7       640    0.8878    0.8154    0.9552    0.7262   0.02441  0.009893   0.01363
      8/99      6.6G   0.03127  0.009247  0.009475   0.04999         6       640    0.9488    0.9622    0.9816    0.7488   0.01757  0.008934   0.00593
      9/99      6.6G    0.0281  0.008887  0.008693   0.04568         4       640    0.9932    0.9972    0.9953    0.8323   0.01508    0.0079  0.002872
     10/99      6.6G   0.02597  0.008175  0.007662    0.0418         3       640    0.9901         1    0.9953    0.8589   0.01386  0.007521  0.002274
     11/99      6.6G   0.02368  0.007693  0.006006   0.03738         3       640     0.991    0.9991    0.9954    0.8878   0.01291  0.006788  0.002322
     12/99      6.6G   0.02297  0.007408   0.00521   0.03558         2       640    0.9828    0.9979    0.9946    0.9043   0.01199  0.006732   0.00281
     13/99     6.61G   0.02211  0.007404   0.00512   0.03464         2       640    0.9914     0.997    0.9954    0.9072   0.01109  0.006493  0.002449
     14/99     6.61G   0.02162  0.007425  0.005145   0.03419         3       640    0.9931    0.9961    0.9954    0.9026   0.01111  0.006409   0.00196
     15/99     6.61G   0.01996  0.007169  0.005536   0.03267         5       640    0.9882    0.9946    0.9936    0.9204  0.008889  0.006141  0.002089
     16/99     6.61G   0.01979  0.006995  0.005032   0.03182         2       640     0.991         1    0.9954    0.8963   0.01058  0.006974  0.002049
     17/99     6.61G   0.01971  0.007001  0.005057   0.03177         2       640    0.9636    0.9826    0.9913    0.9149  0.008475  0.005888  0.003666
     18/99     6.61G   0.01888  0.006879  0.004604   0.03037         5       640      0.99    0.9965    0.9954     0.913  0.009351  0.006175  0.001883
     19/99     6.61G   0.01835  0.006838  0.004555   0.02975         3       640    0.9956    0.9986    0.9954      0.92  0.008853  0.006285  0.001601
     20/99     6.61G   0.01775  0.006457  0.003513   0.02772         4       640    0.9944    0.9934    0.9954    0.9314  0.009293  0.005656  0.001801
     21/99     6.61G   0.01783  0.006626  0.004247    0.0287         5       640    0.9943    0.9931    0.9953    0.9052    0.0106  0.005945  0.001809
     22/99     6.61G   0.01745  0.006568  0.004462   0.02848         5       640    0.9953    0.9939    0.9954    0.9459  0.007449  0.005501  0.001584
     23/99     6.61G   0.01655  0.006283  0.003376   0.02621         5       640    0.9925    0.9931    0.9954     0.954   0.00832  0.005518  0.001934
     24/99     6.61G   0.01656  0.006215  0.003197   0.02597         6       640    0.9952    0.9978    0.9952    0.9529  0.008189  0.007457  0.002119
     25/99     6.61G   0.01659  0.006343  0.003532   0.02647         3       640    0.9894     0.993    0.9954    0.9553  0.007205  0.005398  0.001499
     26/99     6.61G    0.0159  0.006117   0.00318   0.02519         1       640    0.9951    0.9965    0.9954     0.947  0.007359  0.005281  0.001407
     27/99     6.61G   0.01576  0.005867  0.002995   0.02462         6       640    0.9976    0.9935    0.9954     0.959  0.007968  0.005292  0.001375
     28/99     6.61G   0.01606  0.005979  0.003642   0.02568         5       640    0.9932    0.9931    0.9954    0.9623  0.006406  0.004787   0.00189
     29/99     6.61G   0.01534  0.005962  0.003252   0.02455         2       640    0.9964     0.997    0.9954    0.9541  0.006764  0.005274  0.001368
     30/99     6.61G   0.01532  0.006063  0.003437   0.02482         6       640    0.9935    0.9964    0.9954     0.956  0.007039   0.00494  0.001447
     31/99     6.61G   0.01522  0.005893  0.003249   0.02436         6       640    0.9956    0.9965    0.9954    0.9632  0.006587   0.00485  0.001351
     32/99     6.61G   0.01428  0.005785  0.002815   0.02288         6       640    0.9962    0.9967    0.9954    0.9659  0.006028  0.004277  0.001392
     33/99     6.61G   0.01407  0.005632   0.00293   0.02263         6       640    0.9921    0.9965    0.9954      0.96  0.006396  0.004541  0.001413
     34/99     6.61G   0.01435  0.005704    0.0027   0.02275         9       640    0.9965    0.9965    0.9954    0.9646  0.006369  0.004763  0.001193
     35/99     6.61G   0.01405  0.005505  0.002683   0.02224         5       640    0.9932    0.9973    0.9954    0.9523  0.006212  0.004512  0.001301
     36/99     6.61G    0.0134  0.005463  0.002495   0.02135         5       640    0.9976    0.9965    0.9954    0.9733  0.005543  0.004342  0.001224
     37/99     6.61G   0.01373  0.005396  0.002657   0.02178         5       640    0.9968    0.9974    0.9954    0.9591  0.006635  0.004692  0.001189
     38/99     6.61G   0.01345  0.005456  0.002384   0.02129         4       640    0.9979    0.9965    0.9954    0.9743  0.005605  0.004337   0.00118
     39/99     6.61G   0.01313  0.005274  0.002841   0.02125         4       640    0.9971    0.9971    0.9954    0.9733  0.005443  0.004117  0.001154
     40/99     6.61G   0.01365  0.005236  0.002492   0.02137         4       640    0.9963    0.9965    0.9954    0.9754  0.006116  0.004428  0.001104
     41/99     6.61G   0.01262  0.005299  0.002294   0.02021         1       640    0.9983    0.9966    0.9954    0.9832  0.005346  0.004299  0.001179
     42/99     6.61G    0.0126  0.005221  0.002176      0.02         9       640    0.9972    0.9977    0.9954    0.9754  0.005417  0.004323  0.001054
     43/99     6.61G   0.01256   0.00513  0.002412    0.0201         4       640    0.9981    0.9967    0.9954    0.9794  0.004979  0.004447  0.001054
     44/99     6.61G   0.01223  0.005107  0.001873    0.0192         5       640    0.9983    0.9967    0.9954    0.9758  0.005146  0.004204  0.001131
     45/99     6.61G   0.01192  0.005069  0.001875   0.01887         3       640    0.9986    0.9966    0.9954    0.9761  0.005028  0.004374  0.001119
     46/99     6.61G   0.01242  0.004976  0.002236   0.01963         4       640    0.9977    0.9965    0.9954    0.9738  0.005418  0.004314  0.001051
     47/99     6.61G   0.01203  0.005098  0.001958   0.01909         5       640    0.9981    0.9966    0.9954     0.982  0.004689   0.00387  0.001214
     48/99     6.61G   0.01209  0.005036  0.002557   0.01968         6       640    0.9979    0.9965    0.9954    0.9819  0.005057  0.004223  0.001107
     49/99     6.61G   0.01141  0.004835  0.002135   0.01838         2       640    0.9978    0.9967    0.9954    0.9817  0.004613  0.003631 0.0009804
     50/99     6.61G   0.01132  0.004918   0.00236    0.0186         5       640    0.9978    0.9966    0.9954    0.9815  0.004702    0.0039  0.001141
     51/99     6.61G   0.01139    0.0049  0.002396   0.01869         4       640    0.9971     0.997    0.9954    0.9805  0.004996  0.003892  0.001146
     52/99     6.61G   0.01139  0.004901  0.001966   0.01826         2       640    0.9987    0.9965    0.9954     0.983  0.004682  0.003753  0.001055
     53/99     6.61G   0.01118  0.004813  0.002051   0.01805         2       640    0.9978    0.9965    0.9954    0.9807  0.004506  0.003908 0.0009208
     54/99     6.61G   0.01102  0.004696  0.002073   0.01779         4       640    0.9988    0.9965    0.9954    0.9835  0.004558  0.004066 0.0009332
     55/99     6.61G   0.01085   0.00482  0.002025   0.01769         7       640    0.9975    0.9965    0.9954    0.9851  0.004332     0.004 0.0009786
     56/99     6.61G   0.01074  0.004789  0.001593   0.01712         8       640    0.9972    0.9968    0.9954    0.9854  0.004137  0.003638   0.00101
     57/99     6.61G   0.01013  0.004599  0.001649   0.01638         3       640    0.9981    0.9967    0.9954    0.9854  0.004178  0.003902 0.0009377
     58/99     6.61G    0.0102  0.004692  0.001796   0.01669         6       640    0.9993    0.9965    0.9954     0.983   0.00433  0.003694  0.000787
     59/99     6.61G   0.01022  0.004598  0.001359   0.01618         5       640    0.9986    0.9966    0.9954    0.9859  0.004209  0.003622 0.0008796
     60/99     6.61G   0.01014   0.00457   0.00144   0.01615         9       640    0.9981    0.9966    0.9954    0.9877  0.004178  0.003485 0.0009279
     61/99     6.61G   0.01002  0.004517    0.0017   0.01624         5       640    0.9981    0.9967    0.9954    0.9894  0.004074   0.00338 0.0008729
     62/99     6.61G  0.009633  0.004338  0.001431    0.0154         1       640    0.9982    0.9967    0.9954    0.9896  0.003834  0.003698 0.0009054
     63/99     6.61G  0.009369  0.004356  0.001496   0.01522         6       640    0.9978    0.9966    0.9954    0.9847  0.004105  0.003678  0.000839
     64/99     6.61G  0.009541  0.004378  0.001818   0.01574         6       640    0.9986    0.9966    0.9954    0.9883  0.003812    0.0035 0.0007348
     65/99     6.61G  0.009644  0.004315  0.001807   0.01577         7       640    0.9983    0.9974    0.9954    0.9859  0.003858   0.00348 0.0006796
     66/99     6.61G  0.009171  0.004271  0.001518   0.01496         2       640    0.9983    0.9967    0.9954    0.9898  0.003772  0.003356 0.0007251
     67/99     6.61G  0.009033  0.004233   0.00138   0.01465         8       640    0.9988    0.9967    0.9954    0.9896  0.003775   0.00315 0.0006494
     68/99     6.61G  0.008924  0.004212  0.001356   0.01449         2       640    0.9984    0.9968    0.9954    0.9849  0.003724  0.003175 0.0006805
     69/99     6.61G  0.008907  0.004192  0.001392   0.01449         7       640    0.9985    0.9967    0.9954    0.9881  0.003728  0.003221 0.0007226
     70/99     6.61G  0.008704   0.00409  0.001367   0.01416         5       640     0.999    0.9968    0.9954    0.9847  0.003845  0.003176 0.0006714
     71/99     6.61G  0.008758  0.004003  0.001279   0.01404         5       640    0.9985    0.9966    0.9954    0.9844  0.003796  0.003321 0.0006575
     72/99     6.61G  0.008774  0.004028  0.001283   0.01408         5       640    0.9987    0.9966    0.9954    0.9855   0.00375  0.003229 0.0006868
     73/99     6.61G  0.008306  0.004018  0.001411   0.01374         4       640    0.9993    0.9966    0.9954    0.9881  0.003732    0.0032 0.0005886
     74/99     6.61G   0.00859  0.004029  0.001445   0.01406         4       640    0.9984    0.9968    0.9954    0.9891  0.003558     0.003  0.000597
     75/99     6.61G   0.00805   0.00385  0.001074   0.01297         2       640    0.9986    0.9966    0.9954    0.9903  0.003468  0.003162  0.000641
     76/99     6.61G  0.008103   0.00384  0.001198   0.01314         5       640    0.9984    0.9968    0.9954    0.9882  0.003574  0.003194 0.0006397
     77/99     6.61G  0.007971  0.003885  0.001184   0.01304         4       640    0.9987    0.9968    0.9954    0.9902  0.003527  0.003018 0.0006077
     78/99     6.61G  0.008002  0.003895  0.001109   0.01301         5       640    0.9988    0.9968    0.9954    0.9882  0.003566  0.003089 0.0006088
     79/99     6.61G  0.007852  0.003765 0.0009764   0.01259         3       640    0.9982     0.997    0.9954    0.9894   0.00326  0.002966  0.000619
     80/99     6.61G  0.007585  0.003787 0.0009331   0.01231         3       640     0.999    0.9966    0.9954      0.99  0.003261  0.003034 0.0005724
     81/99     6.61G  0.007363  0.003813 0.0009175   0.01209         3       640    0.9983    0.9967    0.9954    0.9885  0.003317  0.003019  0.000594
     82/99     6.61G  0.007488  0.003751 0.0009034   0.01214         8       640     0.999    0.9966    0.9954    0.9886  0.003218  0.003039 0.0005732
     83/99     6.61G  0.007628  0.003765  0.001232   0.01263         3       640    0.9991    0.9967    0.9954    0.9904  0.003265  0.002858 0.0005384
     84/99     6.61G   0.00746  0.003708    0.0009   0.01207         5       640    0.9992    0.9966    0.9954    0.9891  0.003305  0.003067  0.000619
     85/99     6.61G  0.007727  0.003688  0.001121   0.01254         6       640    0.9989    0.9969    0.9954    0.9897  0.003337   0.00291 0.0005112
     86/99     6.61G  0.007321  0.003775  0.001021   0.01212        10       640    0.9988    0.9968    0.9954    0.9884  0.003318  0.002946 0.0004932
     87/99     6.61G  0.007149  0.003649 0.0008784   0.01168         2       640    0.9994     0.997    0.9954    0.9914  0.003184  0.002888 0.0004801
     88/99     6.61G  0.007419  0.003714 0.0008578   0.01199         1       640    0.9991         1    0.9954    0.9923  0.003126  0.002845 0.0004451
     89/99     6.61G  0.007005  0.003626 0.0008082   0.01144         6       640    0.9992    0.9967    0.9954    0.9905  0.003132  0.002782 0.0005217
     90/99     6.61G  0.007134  0.003594 0.0009595   0.01169         4       640    0.9985    0.9968    0.9954    0.9904  0.003221  0.002775 0.0005099
     91/99     6.61G  0.006996  0.003616 0.0009157   0.01153         8       640    0.9992    0.9967    0.9954    0.9908  0.003202  0.002829 0.0004554
     92/99     6.61G  0.007069  0.003545 0.0009176   0.01153         4       640    0.9991    0.9967    0.9954    0.9921  0.003195  0.002746 0.0004907
     93/99     6.61G  0.006731  0.003494 0.0007266   0.01095         2       640    0.9991    0.9968    0.9954    0.9916  0.003109  0.002827 0.0005142
     94/99     6.61G  0.007005  0.003536 0.0008116   0.01135         7       640    0.9991    0.9966    0.9954    0.9923  0.003028  0.002822 0.0005412
     95/99     6.61G  0.006896  0.003513 0.0009505   0.01136         3       640     0.999    0.9966    0.9954    0.9923  0.003129  0.002866 0.0005209
     96/99     6.61G  0.006841  0.003505  0.000949    0.0113         4       640    0.9987    0.9968    0.9954    0.9919  0.003162  0.002877 0.0005134
     97/99     6.61G  0.006901  0.003519 0.0007763    0.0112         5       640    0.9992    0.9967    0.9954    0.9909  0.003178  0.002839 0.0005464
     98/99     6.61G  0.006795  0.003537 0.0008109   0.01114         4       640    0.9986         1    0.9954    0.9913   0.00311  0.002781  0.000472
     99/99     6.61G  0.006664  0.003618 0.0007999   0.01108         9       640     0.999         1    0.9954    0.9926  0.003081  0.002703 0.0004145
