      0/99    0.493G   0.06352   0.02627   0.06505    0.1548         5       640    0.2742    0.4568    0.2409    0.1005   0.03866   0.01403   0.04849
      1/99     6.32G   0.03952   0.01419   0.04841    0.1021         5       640    0.5262    0.7092    0.6814     0.395    0.0409   0.01136   0.02678
      2/99     6.32G   0.03883   0.01128   0.02503   0.07514         3       640    0.5567    0.7888    0.7673    0.4505   0.03898    0.0109   0.02371
      3/99     6.32G   0.04405   0.01055   0.01368   0.06829         2       640    0.8009    0.8625    0.9358    0.5115   0.04017  0.009914  0.008694
      4/99     6.33G   0.04556   0.01055   0.01176   0.06788         4       640    0.8149    0.9912    0.9848    0.6506   0.02802  0.009174  0.008985
      5/99     6.33G   0.03988   0.01033   0.01064   0.06085         5       640    0.9786    0.9763    0.9895     0.768    0.0263  0.009272  0.004106
      6/99     6.33G   0.03795   0.01033   0.01054   0.05882         6       640    0.9643     0.937    0.9934    0.7558   0.02303   0.01008   0.00662
      7/99     6.33G   0.03279  0.009979  0.008826    0.0516         3       640    0.9958    0.9912    0.9952    0.7312   0.02006  0.008185  0.002809
      8/99     6.33G   0.02869  0.009546  0.007816   0.04605         2       640    0.8564    0.9575    0.9703     0.818   0.01712  0.008599  0.006468
      9/99     6.33G   0.02659  0.009285  0.007917   0.04379         4       640    0.9889    0.9747    0.9934    0.8323    0.0159   0.00749  0.002555
     10/99     6.33G   0.02508  0.008741  0.006804   0.04063         4       640    0.9936    0.9971    0.9953    0.8723   0.01327  0.007066  0.002467
     11/99     6.33G   0.02384  0.008592  0.006075   0.03851         6       640    0.9354    0.9653    0.9909    0.8784   0.01154  0.006901  0.008109
     12/99     6.33G   0.02249  0.008345  0.005951   0.03678        10       640    0.9626    0.9925    0.9891    0.8671   0.01221  0.006426   0.00268
     13/99     6.33G   0.02162  0.007891   0.00483   0.03434         2       640    0.9874    0.9807    0.9951     0.912   0.01034  0.006307  0.002757
     14/99     6.33G   0.02097  0.007916  0.005102   0.03399         3       640    0.9021    0.9678    0.9897       0.9   0.01098    0.0064  0.008762
     15/99     6.33G   0.02014  0.007776  0.005313   0.03323        10       640    0.9947    0.9958    0.9954    0.9213   0.01054  0.006163   0.00199
     16/99     6.33G   0.01946  0.007572  0.004436   0.03147         2       640    0.9939         1    0.9954    0.9309  0.009196  0.005786  0.001779
     17/99     6.33G   0.01875   0.00729  0.004002   0.03004         6       640    0.9922         1    0.9954    0.9145  0.008808  0.005952    0.0017
     18/99     6.33G   0.01848  0.007155  0.004422   0.03006         5       640    0.9928    0.9939    0.9954    0.9154  0.009491  0.005777  0.001857
     19/99     6.33G   0.01804  0.007255  0.003936   0.02923         3       640    0.9921         1    0.9954    0.9465  0.007734  0.005584  0.001553
     20/99     6.33G   0.01759  0.007029  0.003105   0.02773         6       640    0.9913     0.991    0.9954    0.9379  0.008406  0.005447  0.002236
     21/99     6.33G   0.01703  0.006808  0.003222   0.02706         1       640    0.9932    0.9965    0.9954    0.9348  0.008731   0.00585  0.001589
     22/99     6.33G   0.01691  0.006959  0.003587   0.02746         3       640    0.9936    0.9896    0.9954    0.9352  0.007544  0.005627  0.001831
     23/99     6.33G   0.01646  0.006714  0.003363   0.02654         6       640    0.9939    0.9951    0.9954    0.9465  0.007567  0.005068  0.001351
     24/99     6.33G   0.01622  0.006587  0.003295    0.0261         5       640    0.9928     0.994    0.9954    0.9596  0.006949  0.005192  0.001749
     25/99     6.33G   0.01605  0.006398   0.00291   0.02536         4       640    0.9955     0.995    0.9954    0.9609  0.006271  0.004917  0.001537
     26/99     6.33G   0.01567  0.006424  0.002804    0.0249         5       640    0.9959    0.9933    0.9954    0.9588  0.006881  0.005142  0.001462
     27/99     6.33G    0.0152  0.006326   0.00282   0.02435         7       640    0.9941         1    0.9954    0.9666  0.006021  0.004942  0.001289
     28/99     6.33G   0.01529    0.0062  0.002717   0.02421         3       640    0.9947    0.9962    0.9954    0.9637  0.007181  0.005342  0.001447
     29/99     6.33G   0.01496  0.006473  0.003085   0.02452         2       640    0.9966         1    0.9954    0.9521  0.006822  0.005386  0.001248
     30/99     6.33G    0.0148  0.006389  0.003158   0.02435         3       640    0.9951    0.9898    0.9954     0.962  0.006121  0.005043  0.001267
     31/99     6.33G   0.01451  0.006259  0.003211   0.02398         2       640    0.9971     0.999    0.9954    0.9562  0.006431  0.004951  0.001194
     32/99     6.33G   0.01426  0.006076   0.00244   0.02278         3       640    0.9952    0.9966    0.9954    0.9645  0.006171  0.004866  0.001194
     33/99     6.33G   0.01382   0.00603   0.00217   0.02202         5       640     0.996    0.9953    0.9954    0.9702  0.005843  0.004492  0.001156
     34/99     6.33G   0.01405  0.005968  0.002505   0.02252         5       640    0.9951    0.9953    0.9954    0.9721  0.005729  0.004603  0.001318
     35/99     6.33G   0.01388  0.005932  0.002782    0.0226         3       640    0.9971     0.993    0.9953    0.9704   0.00604  0.004531  0.001481
     36/99     6.33G   0.01357   0.00604  0.002601   0.02221         8       640    0.9939    0.9983    0.9954     0.971  0.005973  0.004563  0.001388
     37/99     6.33G    0.0135  0.005831  0.002374   0.02171         5       640    0.9961    0.9945    0.9954     0.967  0.005754  0.004488  0.001453
     38/99     6.33G   0.01334  0.005788  0.002492   0.02162         3       640    0.9931    0.9937    0.9954    0.9693   0.00541  0.004468  0.001841
     39/99     6.33G   0.01313  0.005748  0.002333   0.02121         8       640    0.9983    0.9945    0.9954    0.9676  0.005777  0.004328  0.001031
     40/99     6.33G   0.01326  0.005615  0.002221   0.02109         7       640    0.9972     0.997    0.9954    0.9806  0.005647  0.004395  0.001117
     41/99     6.33G   0.01315  0.005634  0.002444   0.02123         4       640    0.9949    0.9934    0.9954    0.9792  0.005284  0.004032  0.001136
     42/99     6.33G   0.01298  0.005578  0.002375   0.02093         3       640    0.9971    0.9969    0.9954    0.9775  0.005356  0.004203  0.001078
     43/99     6.33G   0.01254  0.005528  0.002173   0.02024         3       640    0.9986    0.9966    0.9954     0.983   0.00502  0.004197  0.001084
     44/99     6.33G   0.01216   0.00555  0.001858   0.01957         5       640    0.9961    0.9968    0.9954    0.9743  0.005168   0.00397  0.001208
     45/99     6.33G   0.01218  0.005502  0.001938   0.01962         5       640    0.9978    0.9948    0.9954    0.9791  0.004921  0.004131  0.001107
     46/99     6.33G   0.01176  0.005243  0.001693    0.0187         2       640    0.9965    0.9969    0.9954    0.9814  0.004593  0.004105 0.0009637
     47/99     6.33G   0.01192  0.005358   0.00199   0.01927         6       640     0.997    0.9959    0.9954    0.9862  0.004597  0.003754  0.001066
     48/99     6.33G   0.01168  0.005311  0.002236   0.01923         5       640    0.9951         1    0.9954    0.9824  0.004428  0.004037 0.0008917
     49/99     6.33G   0.01112  0.005172  0.001905    0.0182         4       640    0.9974    0.9965    0.9954    0.9826  0.004596  0.004217  0.001065
     50/99     6.33G   0.01114  0.005138  0.001733   0.01801         3       640    0.9978    0.9958    0.9954    0.9839  0.004599  0.003792  0.001154
     51/99     6.33G   0.01099  0.005177  0.001684   0.01785         2       640     0.998    0.9965    0.9954    0.9878  0.004207  0.003557  0.001021
     52/99     6.33G   0.01109   0.00513  0.002259   0.01848         3       640    0.9971    0.9943    0.9954     0.985  0.004356  0.004276 0.0009301
     53/99     6.33G   0.01108  0.005163   0.00197   0.01821         4       640    0.9977    0.9966    0.9954    0.9857  0.004405  0.004001  0.001033
     54/99     6.33G   0.01067  0.004987  0.001652   0.01731         2       640    0.9987    0.9968    0.9954    0.9877  0.004316  0.003885  0.000874
     55/99     6.33G   0.01025  0.004858  0.001507   0.01661         5       640    0.9979    0.9965    0.9954    0.9857  0.004272  0.003841  0.000911
     56/99     6.33G   0.01042  0.004948  0.001603   0.01697         4       640    0.9982    0.9966    0.9954    0.9857  0.004252  0.003731  0.000929
     57/99     6.33G   0.01026   0.00489  0.001597   0.01674        11       640    0.9982    0.9968    0.9954    0.9879  0.003799  0.003518 0.0007559
     58/99     6.33G    0.0102  0.004782  0.001353   0.01634         2       640    0.9988    0.9966    0.9954    0.9821  0.004046  0.003625 0.0009554
     59/99     6.33G   0.00999  0.004794  0.001845   0.01663         4       640     0.998    0.9967    0.9954    0.9888  0.003984  0.003825 0.0007804
     60/99     6.33G  0.009805  0.004793  0.001342   0.01594         7       640    0.9983    0.9967    0.9954    0.9851  0.004009  0.003582 0.0007984
     61/99     6.33G   0.01005   0.00471  0.001522   0.01629         4       640    0.9989    0.9965    0.9954    0.9839  0.004154  0.003529 0.0008993
     62/99     6.33G  0.009714  0.004648   0.00126   0.01562         4       640    0.9992    0.9966    0.9954    0.9891  0.003846  0.003398 0.0007855
     63/99     6.33G  0.009323   0.00458  0.001274   0.01518         4       640    0.9991    0.9966    0.9954    0.9875  0.003898  0.003428 0.0007448
     64/99     6.33G  0.009541  0.004613  0.001584   0.01574         5       640    0.9989    0.9966    0.9954    0.9877  0.004038  0.003419 0.0007231
     65/99     6.33G  0.009485  0.004641  0.001621   0.01575         5       640    0.9987    0.9966    0.9954    0.9867  0.003886  0.003295  0.000695
     66/99     6.33G  0.009216  0.004537  0.001282   0.01504         7       640    0.9983    0.9967    0.9954      0.99   0.00374  0.003335 0.0006775
     67/99     6.33G   0.00895  0.004466  0.001182    0.0146         4       640     0.999    0.9966    0.9954    0.9905  0.003564  0.003076 0.0006602
     68/99     6.33G   0.00893  0.004419  0.001161   0.01451         6       640    0.9994    0.9966    0.9954    0.9913  0.003646  0.003196 0.0006998
     69/99     6.33G  0.008827  0.004438  0.001121   0.01439         2       640    0.9992    0.9967    0.9954    0.9878  0.003602  0.002999 0.0006347
     70/99     6.33G  0.008829  0.004384  0.001312   0.01452         2       640    0.9979    0.9968    0.9954    0.9893  0.003682   0.00313 0.0006656
     71/99     6.33G  0.008924  0.004402  0.001214   0.01454         4       640    0.9992    0.9966    0.9954    0.9895  0.003475  0.003204 0.0006725
     72/99     6.33G  0.008451  0.004246  0.001026   0.01372         4       640    0.9989    0.9966    0.9954    0.9906  0.003501  0.003109 0.0006689
     73/99     6.33G  0.008384  0.004267  0.001104   0.01375         7       640    0.9977    0.9967    0.9954    0.9909  0.003614  0.003123 0.0006669
     74/99     6.33G   0.00825  0.004239  0.001074   0.01356         5       640    0.9987    0.9966    0.9954    0.9892  0.003446  0.003023 0.0006199
     75/99     6.33G  0.008082  0.004164  0.001047   0.01329         2       640    0.9991    0.9966    0.9954    0.9906  0.003401  0.003035 0.0005964
     76/99     6.33G  0.008049  0.004145 0.0009893   0.01318         2       640    0.9986    0.9967    0.9954    0.9898  0.003516  0.003151 0.0005974
     77/99     6.33G  0.008129  0.004095 0.0009811    0.0132         4       640     0.999    0.9966    0.9954    0.9881  0.003357  0.003011 0.0005884
     78/99     6.33G  0.007971  0.004103  0.001122    0.0132         3       640    0.9978    0.9967    0.9954    0.9886  0.003304  0.002827 0.0005809
     79/99     6.33G  0.007797  0.004052 0.0009387   0.01279         7       640    0.9977    0.9967    0.9954    0.9907  0.003384  0.002954  0.000589
     80/99     6.33G  0.008058  0.004143  0.001029   0.01323         2       640    0.9988    0.9967    0.9954    0.9905  0.003238   0.00299 0.0005523
     81/99     6.33G  0.007623  0.004079 0.0008614   0.01256         7       640    0.9979    0.9967    0.9954    0.9924  0.003226  0.002948 0.0006065
     82/99     6.33G   0.00752  0.004144 0.0009412   0.01261        11       640    0.9968    0.9969    0.9954    0.9927  0.003201  0.003007 0.0005348
     83/99     6.33G  0.007501  0.003923 0.0008932   0.01232         2       640     0.998    0.9967    0.9954     0.992  0.003258   0.00297 0.0005628
     84/99     6.33G  0.007435  0.004038 0.0009459   0.01242         3       640    0.9989    0.9967    0.9954     0.992  0.003226  0.002832 0.0004919
     85/99     6.33G  0.007432  0.004031  0.001245   0.01271         5       640    0.9986    0.9967    0.9954    0.9917   0.00318  0.002846  0.000458
     86/99     6.33G  0.007599  0.003932  0.001037   0.01257         8       640    0.9982    0.9967    0.9954    0.9922  0.003147  0.002961 0.0005245
     87/99     6.33G   0.00732  0.003923 0.0009471   0.01219         6       640    0.9985    0.9967    0.9954    0.9924  0.003137  0.003005 0.0005327
     88/99     6.33G  0.007264  0.003849 0.0008302   0.01194         3       640    0.9985    0.9967    0.9954    0.9911  0.003141  0.002937 0.0005379
     89/99     6.33G   0.00703  0.003922 0.0009879   0.01194        11       640    0.9989    0.9966    0.9954    0.9921  0.003132  0.002921 0.0004904
     90/99     6.33G  0.006909  0.003874 0.0009173    0.0117         4       640    0.9991    0.9966    0.9954    0.9915  0.003132  0.002912 0.0004524
     91/99     6.33G  0.006979  0.003741 0.0007887   0.01151         9       640    0.9992    0.9966    0.9954    0.9926  0.003104  0.003027 0.0004905
     92/99     6.33G   0.00688  0.003743 0.0007577   0.01138         8       640    0.9989    0.9967    0.9954    0.9924  0.003062  0.002843 0.0004404
     93/99     6.33G  0.006992  0.003862 0.0007566   0.01161         7       640    0.9986    0.9967    0.9954    0.9912  0.003069  0.002766 0.0004658
     94/99     6.33G  0.006806  0.003752 0.0007268   0.01128         4       640    0.9983    0.9968    0.9954    0.9909  0.003047  0.002708 0.0004661
     95/99     6.33G  0.006761  0.003657 0.0006569   0.01107         5       640    0.9985    0.9967    0.9954    0.9905  0.003157  0.002723 0.0005462
     96/99     6.33G  0.006875  0.003849 0.0009453   0.01167         3       640    0.9991    0.9966    0.9954    0.9917  0.003064   0.00288 0.0004466
     97/99     6.33G  0.006738  0.003763 0.0007917   0.01129         4       640    0.9991    0.9966    0.9954    0.9922  0.003146  0.002795 0.0004666
     98/99     6.33G  0.006899  0.003798  0.000831   0.01153         7       640    0.9987    0.9966    0.9954    0.9915  0.003122  0.002874 0.0004804
     99/99     6.33G  0.006863  0.003795 0.0007091   0.01137         8       640    0.9992    0.9966    0.9954    0.9921  0.003066  0.002709 0.0004444
